#LPP colours

comparison.pair <- c("#007a8b","#dad7d2")
equal.pair <- c("#007a8b", "#f7be00")
green.pair <- c("#007a8b","#c3dbe3")
orange.pair <- c("#f7be00", "#FBDA73")
red.pair <- c("#e53d51", "#ffd6d6")
purple.pair <- c("#442563", "#d99ec7")
grey.pair <- c ("#d5d3cf","#f4f1ea")
green.3 <- c("#00424f","#007a8b","#c3dbe3")
discreet.set <- c( "#007a8b", "#442563", "#f7be00", "#e53d51","#00424f", "#d99ec7")
discreet.set2 <- c("#00424f", "#f88f92", "#f7be00", "#e53d51", "#007a8b", "#d99ec7")
theme.set <- c("#00424f","#007a8b","#c3dbe3", "#e53d51", "#f88f92", "#ffd6d6")
accent <- "#d99ec7"
grey.3 <- c("#d5d3cf","#dad7d2", "#f4f1ea")
red.3 <- c("#e53d51", "#f88f92", "#ffd6d6")
